   eta | trial | N_tri | t_orig (s) |  t_opt (s) |  speedup | tensor_err |      Y_err |     nu_err
----------------------------------------------------------------------------------------------------
  return splu(A).solve
  Ainv = spsolve(A, I)
 0.100 |     0 |   464 |    21.7243 |     0.0098 |   2221.6x |   3.55e-14 |   1.18e-16 |   8.66e-16
 0.100 |     1 |   464 |    20.8037 |     0.0093 |   2231.5x |   7.69e-14 |   1.77e-15 |   2.77e-15
 0.100 |     2 |   464 |    22.2313 |     0.0098 |   2260.2x |   1.36e-14 |   1.07e-15 |   1.74e-15
 0.100 |     3 |   464 |    29.1299 |     0.0099 |   2955.1x |   5.90e-14 |   1.29e-15 |   1.04e-15
 0.100 |     4 |   464 |    28.9670 |     0.0097 |   2976.6x |   2.00e-13 |   1.78e-15 |   1.74e-16
 0.100 |     5 |   464 |    26.8537 |     0.0099 |   2699.6x |   1.63e-13 |   7.06e-16 |   6.92e-16
 0.100 |     6 |   464 |    26.0741 |     0.0097 |   2678.5x |   5.88e-14 |   8.28e-16 |   5.23e-16
 0.143 |     0 |   464 |    26.9185 |     0.0099 |   2726.8x |   1.46e-14 |   1.54e-15 |   3.68e-16
 0.143 |     1 |   464 |    28.8223 |     0.0099 |   2900.8x |   1.28e-13 |   1.04e-15 |   2.04e-15
 0.143 |     2 |   464 |    26.1579 |     0.0103 |   2536.0x |   7.88e-15 |   7.53e-16 |   1.08e-15
 0.143 |     3 |   464 |    23.2313 |     0.0095 |   2433.2x |   6.76e-14 |   5.15e-16 |   2.39e-15
 0.143 |     4 |   464 |    26.7186 |     0.0101 |   2654.7x |   9.39e-14 |   6.26e-16 |   0.00e+00
 0.143 |     5 |   464 |    28.0659 |     0.0094 |   2985.8x |   7.80e-12 |   1.52e-15 |   9.13e-16
 0.143 |     6 |   464 |    24.5297 |     0.0096 |   2552.9x |   1.06e-14 |   5.02e-16 |   5.47e-16
 0.187 |     0 |   464 |    27.6285 |     0.0109 |   2539.8x |   1.70e-13 |   8.56e-16 |   2.21e-15
 0.187 |     1 |   464 |    24.6446 |     0.0096 |   2564.6x |   8.82e-15 |   8.12e-16 |   1.41e-15
 0.187 |     2 |   464 |    25.5022 |     0.0102 |   2509.6x |   1.08e-14 |   9.92e-16 |   2.74e-15
 0.187 |     3 |   464 |    26.6128 |     0.0100 |   2657.9x |   6.78e-14 |   2.32e-15 |   3.16e-15
 0.187 |     4 |   464 |    25.1504 |     0.0109 |   2304.0x |   9.14e-14 |   4.25e-16 |   1.78e-15
 0.187 |     5 |   464 |    28.0876 |     0.0098 |   2855.7x |   6.41e-15 |   7.04e-16 |   1.96e-16
 0.187 |     6 |   464 |    29.0426 |     0.0107 |   2718.8x |   8.83e-15 |   7.02e-16 |   1.22e-15
 0.230 |     0 |   464 |    30.1716 |     0.0097 |   3116.9x |   3.94e-15 |   6.32e-16 |   4.46e-15
 0.230 |     1 |   464 |    29.6838 |     0.0097 |   3057.3x |   3.09e-14 |   1.13e-15 |   2.30e-15
 0.230 |     2 |   464 |    25.3363 |     0.0100 |   2544.1x |   5.64e-14 |   3.60e-15 |   4.05e-15
 0.230 |     3 |   464 |    27.4711 |     0.0096 |   2862.2x |   7.48e-15 |   2.75e-15 |   5.93e-16
 0.230 |     4 |   464 |    26.0407 |     0.0101 |   2579.2x |   4.10e-13 |   4.73e-16 |   2.43e-15
 0.230 |     5 |   464 |    27.1273 |     0.0098 |   2759.0x |   9.09e-15 |   9.57e-16 |   0.00e+00
 0.230 |     6 |   464 |    25.4816 |     0.0121 |   2098.4x |   6.69e-15 |   3.66e-15 |   4.58e-15
 0.273 |     0 |   464 |    28.6010 |     0.0100 |   2870.3x |   1.06e-14 |   2.45e-15 |   8.82e-15
 0.273 |     1 |   464 |    24.4828 |     0.0098 |   2502.4x |   1.21e-14 |   7.50e-16 |   1.11e-14
 0.273 |     2 |   464 |    26.8383 |     0.0096 |   2781.2x |   4.24e-14 |   4.22e-16 |   1.42e-16
 0.273 |     3 |   464 |    25.1091 |     0.0095 |   2643.8x |   4.61e-15 |   4.13e-16 |   4.58e-15
 0.273 |     4 |   464 |    26.6506 |     0.0099 |   2701.9x |   4.94e-15 |   4.44e-16 |   2.78e-15
 0.273 |     5 |   464 |    24.7619 |     0.0095 |   2607.9x |   2.56e-14 |   3.66e-15 |   1.47e-14
 0.273 |     6 |   464 |    26.7220 |     0.0093 |   2863.5x |   1.88e-14 |   1.75e-15 |   2.53e-15
 0.317 |     0 |   464 |    26.1915 |     0.0094 |   2788.6x |   5.17e-14 |   3.94e-15 |   3.37e-14
 0.317 |     1 |   464 |    26.2725 |     0.0099 |   2653.5x |   1.00e-14 |   3.97e-15 |   9.55e-15
 0.317 |     2 |   464 |    26.3696 |     0.0097 |   2707.9x |   3.09e-14 |   2.58e-15 |   3.08e-14
 0.317 |     3 |   464 |    25.4985 |     0.0096 |   2648.8x |   6.79e-14 |   2.36e-15 |   9.12e-14
 0.317 |     4 |   464 |    28.6385 |     0.0097 |   2950.2x |   4.33e-14 |   8.96e-15 |   5.50e-14
 0.317 |     5 |   464 |    24.9188 |     0.0100 |   2490.8x |   1.17e-14 |   2.94e-15 |   3.79e-15
 0.317 |     6 |   464 |    24.4582 |     0.0107 |   2282.3x |   4.11e-14 |   6.85e-15 |   3.95e-14
 0.360 |     0 |   464 |    23.3125 |     0.0096 |   2424.9x |   2.03e-13 |   8.45e-15 |   2.20e-13
 0.360 |     1 |   464 |    25.4224 |     0.0101 |   2526.0x |   1.29e-13 |   1.64e-14 |   8.56e-14
 0.360 |     2 |   464 |    23.9818 |     0.0095 |   2518.1x |   2.06e-13 |   2.46e-14 |   1.81e-13
 0.360 |     3 |   464 |    26.1747 |     0.0122 |   2146.0x |   1.43e-13 |   1.29e-14 |   5.52e-14
 0.360 |     4 |   464 |    27.0549 |     0.0100 |   2717.4x |   4.69e-11 |   9.50e-15 |   8.16e-14
 0.360 |     5 |   464 |    26.6781 |     0.0098 |   2727.6x |   1.87e-13 |   1.09e-14 |   1.92e-13
 0.360 |     6 |   464 |    25.6651 |     0.0099 |   2603.4x |   8.62e-14 |   2.35e-14 |   5.61e-14
 0.403 |     0 |   464 |    26.3348 |     0.0101 |   2609.9x |   8.34e-12 |   1.53e-13 |   1.36e-12
 0.403 |     1 |   464 |    23.3480 |     0.0107 |   2178.0x |   1.75e-13 |   1.30e-13 |   2.45e-13
 0.403 |     2 |   464 |    24.5847 |     0.0099 |   2494.7x |   3.28e-13 |   9.06e-14 |   1.05e-13
 0.403 |     3 |   464 |    23.4972 |     0.0093 |   2524.9x |   4.50e-12 |   1.60e-13 |   1.52e-12
 0.403 |     4 |   464 |    24.8380 |     0.0101 |   2469.0x |   6.12e-13 |   2.85e-14 |   1.21e-13
 0.403 |     5 |   464 |    20.5025 |     0.0098 |   2085.6x |   4.58e-13 |   1.16e-13 |   1.47e-13
 0.403 |     6 |   464 |    19.2410 |     0.0097 |   1976.4x |   1.39e-12 |   1.80e-14 |   1.91e-13
 0.447 |     0 |   464 |    19.9048 |     0.0095 |   2096.5x |   6.46e-08 |   1.19e-09 |   4.49e-08
 0.447 |     1 |   464 |    20.1732 |     0.0098 |   2066.3x |   6.57e-06 |   3.28e-07 |   9.75e-06
 0.447 |     2 |   464 |    20.8407 |     0.0104 |   2000.5x |   8.07e-08 |   1.37e-08 |   2.97e-09
 0.447 |     3 |   464 |    19.2605 |     0.0098 |   1965.9x |   7.38e-04 |   3.21e+03 |   2.81e-03
 0.447 |     4 |   464 |    20.7915 |     0.0098 |   2124.3x |   1.77e-08 |   3.49e-09 |   1.93e-07
 0.447 |     5 |   464 |    21.1002 |     0.0099 |   2130.5x |   1.36e-06 |   9.50e-07 |   1.96e-06
 0.447 |     6 |   464 |    20.0585 |     0.0097 |   2072.7x |   1.08e-06 |   2.74e-06 |   3.42e-06
 0.490 |     0 |   464 |    20.6619 |     0.0102 |   2030.1x |   1.13e-05 |   5.66e-06 |   4.02e-05
 0.490 |     1 |   464 |    19.2250 |     0.0101 |   1912.3x |   1.33e-07 |   9.84e-07 |   2.43e-07
 0.490 |     2 |   464 |    20.6862 |     0.0099 |   2080.1x |   3.29e-07 |   9.48e-08 |   1.17e-08
 0.490 |     3 |   464 |    20.3731 |     0.0095 |   2133.4x |   6.73e-07 |   4.92e-06 |   1.12e-05
 0.490 |     4 |   464 |    20.3961 |     0.0105 |   1948.2x |   7.21e-04 |   1.08e-04 |   1.49e-05
 0.490 |     5 |   464 |    20.1899 |     0.0092 |   2192.7x |   1.10e-03 |   1.11e+00 |   4.10e+00
 0.490 |     6 |   464 |    19.9316 |     0.0093 |   2133.2x |   1.18e-06 |   2.45e-06 |   1.23e-07

====================================================================================================
SUMMARY
====================================================================================================

Number of triangles: 464 - 464 (mean 464)

Original solver time:  24.6850s mean, 19.2250s min, 30.1716s max
Optimized solver time: 0.0099s mean, 0.0092s min, 0.0122s max
Speedup: 2490.9x mean, 1912.3x min, 3116.9x max

Max relative errors across ALL 70 runs:
  Elastic tensor: 1.10e-03
  Young's modulus: 3.21e+03
  Poisson's ratio: 4.10e+00

   eta | mean_speedup | mean_t_orig | mean_t_opt | max_tensor_err
-----------------------------------------------------------------
 0.100 |       2574.7x |    25.1120s |     0.0097s |       2.00e-13
 0.143 |       2684.3x |    26.3492s |     0.0098s |       7.80e-12
 0.187 |       2592.9x |    26.6670s |     0.0103s |       1.70e-13
 0.230 |       2716.7x |    27.3304s |     0.0101s |       4.10e-13
 0.273 |       2710.2x |    26.1665s |     0.0097s |       4.24e-14
 0.317 |       2646.0x |    26.0497s |     0.0099s |       6.79e-14
 0.360 |       2523.3x |    25.4700s |     0.0101s |       4.69e-11
 0.403 |       2334.1x |    23.1923s |     0.0099s |       8.34e-12
 0.447 |       2065.2x |    20.3042s |     0.0098s |       7.38e-04
 0.490 |       2061.4x |    20.2091s |     0.0098s |       1.10e-03

All 70 tests passed (rel error < 1e-8): NO
  Failures: 14
    eta=0.447, trial=0, tensor_err=6.46e-08
    eta=0.447, trial=1, tensor_err=6.57e-06
    eta=0.447, trial=2, tensor_err=8.07e-08
    eta=0.447, trial=3, tensor_err=7.38e-04
    eta=0.447, trial=4, tensor_err=1.77e-08
    eta=0.447, trial=5, tensor_err=1.36e-06
    eta=0.447, trial=6, tensor_err=1.08e-06
    eta=0.490, trial=0, tensor_err=1.13e-05
    eta=0.490, trial=1, tensor_err=1.33e-07
    eta=0.490, trial=2, tensor_err=3.29e-07
    eta=0.490, trial=3, tensor_err=6.73e-07
    eta=0.490, trial=4, tensor_err=7.21e-04
    eta=0.490, trial=5, tensor_err=1.10e-03
    eta=0.490, trial=6, tensor_err=1.18e-06
